316

Atticus 128, 23.
Augustodunenses 125, 21.
Augustus imperator 11, 0. 83,
27. 156, 25. 158, 27. 170,
18. 200, 17. 251, 13. 281,
17. 301, 4.

Bagaudicus 119, 11.

Β51511115 lacus 76, 25. - sinus
170, 18.

Balio 206, 24.

Β5151115131, 18. 13414. 151,
14. 163, 22. 211, 22.
Belgae 182, 22.

Belgica 185, 24.
8511555551115515111 147, 28.
Bessus 206, 15.

Bibracte 192, 10.

Blemyes 116, 7.

Β511511151155 oppidum 163, 16.
Bosforanus 291, 8.

Britanni 140, 10. 146, 10.
207,1.

Britannia 120, 18. 131, 18.
134,14. 138, 25. 130, 22.
140, 5. 141, 30. 142, 30.
144, 10. 145, 4, 21. 147,13.
163, 21, 27. 165, 21. 166, 25.
211, 26. 276, 6. 305, 27.
Britanniae 151, 10.
Britannica uictoria 148, 2. -
trophaea 164, 27.

Brixia 231, 25. 232, 0.
Bructeri 160, 11. 227, 7.

Brutus, Lucius 268, 20. 288,
0. - Bruti 50, 12.

Burgundii 114, 24.
Burgundiones 03, 1. 115,1.

0551115555515 portus 174, 20.
Caesar, 0. 151,, 175, 17, 21.
182,13. 107, 7. 204, 16.
287, 16. 313, 8.

caledones 165, 1.
Calpetanus 114, 18.
Camenae 122, 1, 123, 20.
οἑ111111115513,8. 50,12. 100,

INDEX.

Campania 274, 18.

Cannae 110, 8. 313,17,
0511115555 malum 288, 3.
Canopos 301, 12.

Capitolium 5,12. 15, 25. 20,
21. 42, 7. 88, 13. 100, 0.
123, 10. 168, 4.
Capitolinus 15, 17. 47, 12.
87, 20. 100,15. 154, 25. 172,
16. 270, 14.

Carpi 135, 15. 130, 17.
Carthago 05, 23.

05515155 306, 32.
Catalaunica 5151155183, 12.
Cato 101, 4. - 05151155 100,
31. 250, 22. 271, 26. 313,
Catuli 277, 12.

Caucasus 301, 14.

051155 182, 21.

05155 128, 8. 166, 20.
0115155555 03, 2,11,25. 107,
¹Chamauus 138, 18. - 01111·
1115111227, 7.

Cherusci 227, 8.

Cicerones 313, 13.

Cilix 202, 7.

0111115 208, 14.

0111115111 furores 313, 6.
Claudius 11,10.

Claudius 161, 8. 181, 22.
183, 3.

Cleopatra 300, 28.

0155115 206, 25.

055155 206, 24.

Colchus 283, 26.

Collina porta 208, 18. 313, 17.
0555155115 307. 28.
Constantinopolis 265, 27.
Constantinus 148,10. 140, 10.
150,18. 151,1. 152, 23. 154,
7. 155, 20. 158, 21, 150, 28.
160, 26. 161, 22, 166, 25.
167, 27. 170,12. 171, 10.
173, 1, 13. 176, 6. 177,10,
20. 178, 23. 186, 28. 104, 6.
105, 26. 108, 1. 206, 21.

 

