INDEX.

207,19, 208, 20. 209, 21.
211, ao. 212, 23. 213, s.
215, 1. 218, 8. 220, 8. 222,
30. 224, 8, 9. 225, 20. 227,
22. 235,10. 241, 24. 242, 8,
18, 26. 243, 10, 21. 244, 7.
05551551155 120, 28. 125, 23.

131, 18. 147, 26. 150, 26.

151, 30. 159,17, 163, 6. 165,
12, 166,1, 171,11, 195, 22.
211, 16. 224, 13. 246, 25.
247, 29.

05155115 158, 26.

Coruncani 279, 11.

0511155 Alpes 109, 19. 182,
17. 289, 9. 305, 26.
Crassus 257, 5.

015155515 15115 274, 26.
01511555 275, 15.

Crispus 241, 27.

Croesus 127, 12.

Curius 100, 31. - 05111279,
Cydonas 165, 25.

Cyllarus 166, 16.

317

Euphrates 13, 24. 91,13. 95,
10. 107, 2. 129, 25.
Europae 266, 10.

Fabricius 13, 7. - Fabricii
279, 12.

Falaris 297, 28.

Falerna 283, 22.

Fama 237, 28.

05155 301, 12.

Flaminius circus 121, 26.
0151115 180, 28. 192, 11. -
Fl. Aeduorum 179, 25.
Florentia 192, 11,

Fortitudo 239, 3. 308, 2.
Fortuna 266, 12. 278, 22.
292, 14. 307, 23. 308, 4.

05115551515151555155 165, 3.
262, 27.

Francia 164, 7. 167, 20.
Francus 147, 25. 211, 4. -
015551 106, 5. 107,14. 129,
22. 144,10,19. 145,12. 151,
14. 163, 23. 168, 22. 226,

. 01151115 138, 18.

115515 134, 12.

Dalmatae 251, 9.

Damon 286, 8.

Danuuius 12,12. 15, 20. 59,
21. 77, 2. 114,16. 133,17.
134, 13. 209, 1. 250,12.
Deliacus 124, 29.

115155129, 15. 274, 27.
Diocletianus 91, 22. 95, 10.
96, 8. 98, 25. 101,13. 103,
21. 107,15, 111,11. 13014.
147, 21.

Domitianus 11, 11. 18, 11.

Eleusina 251, 23.

Emathia 313, 16.

Epirotae 251, 10.

111511 93, 2, 11, 25. 107, 13
Etruria 248, 1s.

Eumenius 126, 11.

Fronto 141, 28.
Fuluius Nobilior 121, 26.

Gabinii 259, 21.

Gallaicus 296, 15.

Galli 125, 20. 242, 20. 247,
6. 291, 28. -· Gallus 313, 16.
Gallia 93, 1, 30. 105, 7. 164,
10, 181, 17. 182, 14. 247,
2ξ 266, 8. 293, 9, 23. 305,
Galliae 95, 5. 100, 4. 120,
12, 29, 135, 25. 138, 16. 140,
16. 15413. 181, 23. 183,4
209, 9. 223, 24. 243,12.
246, 13. 24'1,11. 272, 8.
31419.

Gallicani mercatores 140, 20.
- rebelles 183, 7. - ·us
census 184, 10.

Gallicum latus 145, 26.

 

